196
93
29
155
25
126
97
126
45
127
54
133
62
150
14
56
52
148
33
111
26
30
111
35
132
22
129
23
89
6
112
120
72
110
19
115
10
94
18
57
7
91
181
87
111
77
137
83
123
42
189
172
68
168
83
166
77
180
78
56
70
71
168
91
168
73
81
64
90
95
168
152
18
43
46
110
59
153
55
154
60
30
138
43
139
34
137
43
138
28
136
113
26
116
17
124
13
117
15
100
10
16
107
17
83
3
117
15
109
16
115
184
95
160
37
165
68
181
83
182
96
62
156
64
158
67
49
60
159
53
158
127
13
121
1
133
29
124
25
54
31
32
20
22
118
27
114
13
117
20
125
166
40
128
56
129
61
167
72
153
104
64
169
66
86
70
172
40
173
80
173
140
45
117
45
145
54
137
53
136
53
45
148
50
147
54
144
33
106
51
146
31
13
114
14
26
11
113
12
146
22
105
57
81
93
99
24
148
59
151
49
74
80
89
178
21
170
88
179
28
152
188
103
177
99
183
91
187
23
134
95
23
119
29
71
31
36
27
98
15
126
140
42
143
47
141
40
142
47
142
46
72
164
46
186
28
169
75
71
69
138
99
80
176
79
179
73
183
78
154
88
13
115
14
41
14
7
8
103
8
114
179
63
171
85
76
92
174
85
117
84
9
100
8
109
10
6
9
105
8
78
93
27
55
188
76
154
79
181
85
187
131
50
8
36
159
71
160
70
161
68
15
145
57
152
30
150
46
139
58
149
123
25
4
23
116
22
76
24
120
8
2
109
3
102
1
107
1
108
24
102
70
87
177
86
178
50
149
11
150
61
48
107
18
161
74
160
60
138
71
164
135
40
165
40
131
34
134
97
137
29
57
151
11
165
66
166
69
155
64
167
169
101
130
27
21
41
138
39
115
15
119
32
133
37
135
33
112
32
122
36
44
140
67
157
32
9
65
46
48
157
106
6
177
2
179
91
116
90
156
27
20
113
23
122
22
109
18
122
74
119
117
17
112
16
118
15
112
12
10
15
43
101
52
144
49
92
38
94
37
131
136
73
158
67
170
76
86
79
154
55
107
193
44
165
104
96
108
9
98
191
186
97
178
106
196
103
180
75
172
105
1
88
28
36
10
134
65
162
58
160
77
171
3
163
74
161
47
157
75
185
131
50
129
42
87
44
141
48
132
49
11
114
4
100
7
106
5
116
9
65
180
84
176
48
143
50
184
81
182
89
65
119
51
141
56
156
61
113
53
56
127
30
7
16
108
4
67
28
124
28
61
189
12
59
101
157
98
191
48
184
153
49
159
19
156
66
142
21
165
67
45
96
33
130
43
68
39
2
46
127
110
10
112
5
111
11
113
2
23
9
192
69
193
66
186
104
106
103
194
39
4
125
33
123
33
96
30
123
42
89
141
34
103
36
59
41
143
51
135
38
58
172
75
163
76
194
78
152
62
92
121
12
118
19
121
21
177
21
160
79
6
145
44
151
31
143
47
120
39
74
155
60
147
54
146
59
19
63
140
62
92
148
69
182
82
152
89
128
93
161
130
35
132
36
129
26
118
3
128
25
60
142
64
102
61
27
58
154
49
153
28
120
20
135
24
107
37
124
35
134
110
7
107
6
102
5
88
3
108
5
101
176
92
166
90
192
99
173
102
92
150
76
171
65
90
16
118
97
146
102
27
4
18
84
25
103
29
116
26
31
130
86
120
99
191
100
130
99
190
72
88
176
62
180
90
175
90
36
87
147
185
19
51
34
146
86
55
38
132
30
52
144
76
121
75
164
70
158
35
162
126
40
110
44
1
41
135
44
139
9
164
83
172
63
142
86
175
75
163
82
4
98
3
106
4
31
2
73
6
104
128
98
190
41
189
96
133
81
126
39
72
60
5
153
11
163
52
65
73
145
53
48
162
97
185
94
162
82
180
93
19
113
24
179
6
125
21
115
14
123
149
54
143
52
73
51
43
55
149
48
85
171
24
166
84
175
83
93
82
133
121
56
148
54
24
56
151
35
69
57
78
165
77
173
84
174
80
128
85
176
42
167
18
110
19
101
17
119
20
174
105
7
183
1
186
96
111
59
104
94
68
149
69
155
70
79
14
139
63
130
127
38
121
37
66
81
136
17
170
77
26
131
31
125
12
130
32
108
34
114
147
95
175
58
150
100
195
105
187
8
68
159
81
170
79
162
71
168
80
50
63
39
122
42
141
55
138
53
144
2
87
126
69
47
92
77
94
185
39
174
34
66
101
63
47
60
157
61
144
38
