62
30
28
52
18
42
19
48
19
12
31
14
30
53
24
56
31
23
25
51
29
2
41
9
42
8
26
3
37
10
17
47
19
50
13
33
15
30
15
40
20
16
62
8
57
1
59
29
28
35
46
42
9
43
12
43
11
44
10
39
5
9
51
22
49
22
52
23
40
23
26
6
38
61
31
55
24
60
27
58
32
11
1
17
40
14
47
32
30
26
45
4
5
53
4
48
25
51
25
52
26
17
49
9
47
7
43
24
54
20
35
46
16
39
16
46
8
35
15
24
6
1
38
2
36
4
41
5
40
7
38
22
4
37
1
33
6
4
5
7
7
10
38
5
39
13
50
13
56
25
46
34
2
33
32
40
11
57
27
56
33
21
29
29
34
12
44
14
49
27
29
42
16
21
18
7
22
53
14
45
11
19
41
24
23
11
41
21
54
20
55
44
5
43
8
46
13
3
12
45
6
27
18
58
36
59
16
52
33
54
37
3
36
1
35
2
39
1
34
2
37
41
6
50
10
7
28
44
3
32
18
34
58
31
49
30
31
28
48
23
57
45
17
15
19
48
15
6
21
50
18
