45
35
6
31
8
33
7
38
15
10
8
41
3
39
11
6
22
22
21
20
23
6
16
6
29
4
22
2
5
3
25
27
12
26
8
37
3
19
13
36
8
13
39
23
39
18
40
13
35
17
41
10
10
30
6
29
7
29
3
14
6
16
24
4
44
16
31
11
12
12
30
7
25
22
1
39
26
19
13
28
26
20
31
25
19
8
31
11
26
7
21
38
17
32
20
38
21
42
21
41
7
18
26
14
28
16
10
14
10
1
30
34
18
43
22
37
14
27
14
27
18
8
29
4
12
3
30
9
28
5
26
25
1
16
4
24
2
27
2
29
12
26
42
5
44
26
27
8
32
23
20
34
23
31
22
39
25
42
6
32
2
3
29
6
20
3
31
3
34
20
8
37
1
31
16
38
9
33
19
27
18
2
26
7
39
19
3
11
36
14
40
18
12
31
11
21
4
32
9
11
6
30
8
40
9
28
10
11
10
44
21
1
23
1
26
1
20
1
13
1
23
37
1
26
13
32
5
30
4
23
4
10
8
17
40
4
6
19
23
16
43
38
9
34
17
33
16
22
16
39
18
15
11
9
1
7
24
2
17
10
29
30
19
29
22
27
2
36
21
28
5
11
43
6
25
13
30
12
32
5
33
33
3
35
9
41
24
3
12
7
9
18
38
15
29
15
38
15
19
11
22
14
16
13
1
6
35
15
15
12
34
36
18
17
14
33
17
33
17
27
9
18
44
5
37
23
2
26
41
24
36
32
19
34
4
36
20
24
17
15
16
4
28
6
28
6
21
12
18
5
15
43
27
14
21
7
17
42
20
38
28
10
13
4
33
9
20
7
26
1
32
28
10
27
10
24
10
11
2
14
9
13
36
5
35
14
36
19
21
20
30
38
16
32
5
12
24
41
23
41
12
33
21
9
15
35
7
35
19
30
8
2
31
3
38
2
31
11
22
22
36
34
5
23
8
40
2
11
8
28
13
17
37
18
34
15
35
19
17
11
32
28
13
32
15
24
11
34
9
2
13
4
27
7
22
4
24
5
20
14
29
24
4
29
22
39
12
45
8
21
17
10
4
25
28
20
18
13
43
25
39
6
16
45
27
24
25
27
19
2
3
5
23
2
17
3
24
2
14
7
35
