72
8
32
37
20
45
6
61
18
4
30
16
32
57
28
64
34
48
23
56
18
6
46
7
45
4
39
6
45
8
31
51
25
58
13
52
22
36
19
39
3
24
67
19
67
38
61
25
65
12
46
47
4
20
15
45
13
37
12
48
12
26
44
29
54
27
47
16
2
13
19
71
42
59
41
70
39
60
27
53
18
17
38
11
23
18
46
13
29
2
50
58
11
53
26
40
9
63
29
48
32
22
55
14
29
24
6
23
41
24
56
65
33
64
33
58
20
57
16
27
34
11
10
9
35
7
31
10
46
11
35
23
4
44
2
44
4
29
5
14
3
40
11
39
61
40
47
38
67
38
56
66
31
66
17
54
33
62
30
64
35
5
42
7
40
2
54
1
57
21
48
30
29
53
13
59
26
38
28
51
2
28
27
28
46
22
59
5
59
21
24
37
17
8
14
47
6
47
16
51
9
17
13
57
17
57
11
53
19
50
36
3
30
1
15
1
31
1
30
4
37
63
3
5
9
36
34
52
5
45
32
36
33
18
65
29
34
36
50
29
51
55
18
36
21
22
9
54
23
8
13
26
43
1
59
14
69
15
49
14
31
7
43
71
40
1
2
69
14
40
12
16
57
35
48
9
51
6
53
14
51
48
7
49
30
32
10
64
35
55
18
26
71
22
62
20
49
23
40
9
50
20
37
7
52
10
21
2
54
19
55
20
27
52
25
53
27
24
24
42
13
5
66
5
68
37
69
33
65
39
68
43
22
17
25
46
2
60
26
57
25
9
61
10
44
8
44
30
11
11
4
72
43
70
42
66
31
49
23
44
40
21
54
15
54
12
50
18
34
5
37
46
12
43
3
49
15
50
4
49
10
20
56
10
53
27
6
27
62
28
28
60
17
28
34
37
8
60
27
67
37
62
28
32
31
55
6
49
30
41
5
14
50
17
62
8
41
3
48
35
47
55
8
47
7
16
4
17
15
41
19
23
59
15
53
13
58
21
52
11
56
33
21
46
14
52
22
56
21
23
20
7
69
8
45
2
5
10
46
24
44
63
12
15
32
40
31
55
2
60
31
34
60
36
16
41
22
25
64
43
42
49
15
62
42
61
39
66
19
68
3
1
43
3
25
6
36
16
38
12
47
